lg0
ly0
lc2
lt1
cn4
cn"$<ＭＳ ゴシック>
#
lc1
ci 1.67505999178512 11.1629099744583 1.10976090325403 168.823668827655 177.777976272878 1 -2.89604170815875
ci -1.67505999178512 11.1629099744583 1.10976090325403 272.222023727122 281.176331172345 1 92.8960417081587
lc4
ci 3.56559357985301 10.714746626468 3.05263018886732 158.688294592133 169.292240708492 1 -2.89604170815875
ci -3.56559357985301 10.714746626468 3.05263018886732 280.707759291508 291.311705407867 1 92.8960417081587
lc1
ci 5.6027561020149 9.81017187101939 5.28158180513132 146.681366267379 158.800035614122 1 -2.89604170815875
ci -5.6027561020149 9.81017187101939 5.28158180513132 291.199964385878 303.318633732621 1 92.8960417081587
lc2
ci 0 0 10.75 87.1039582918413 92.8960417081587 1 0
ci 0 0 13 95.9231530819506 99.0768469180494 1 0
  0.543132389444579 10.7362706377744 0.569723719223318 11.2619099085511
  -0.543132389444579 10.7362706377744 -0.569723719223318 11.2619099085511
lc2
lt6
 -15 0 15 0
 0 15 0 -15
lt1
 33 13 103 13
 33 5 103 5
 33 -3 103 -3
 33 -11 103 -11
 33 -19 103 -19
 33 -27 103 -27
 33 -35 103 -35
 33 -43 103 -43
 33 -51 103 -51
 33 -59 103 -59
 33 -67 103 -67
 33 -75 103 -75
 33 -83 103 -83
 33 13 33 -83
 103 13 103 -83
 68 5 68 -83
ch 38.5 7 59 0 "インボリュートスプライン
ch 41 -1 19 0 "諸    元
ch 41 -9 19 0 "歯　　数
ch 38.5 -17 24 0 "モジュール
ch 41 -25 19 0 "圧 力 角
ch 36 -33 29 0 "ピッチ円直径
ch 38.5 -41 24 0 "基礎円直径
ch 38.5 -49 24 0 "歯先円直径
ch 38.5 -57 24 0 "歯底円直径
ch 41 -65 19 0 "円弧歯厚
ch 41 -73 19 0 "Ｏ.Ｂ.Ｄ
ch 38.5 -81 24 0 "使用ピン径
ch 68.5 -1 34 0 "エキスターナル
ch 83.5 -9 4 0 "24
ch 84.75 -17 1.5 0 "1
ch 81 -25 9 0 "20°
ch 83.5 -33 4 0 "24
ch 77.25 -41 16.5 0 "22.5526
ch 83.5 -49 4 0 "26
ch 81 -57 9 0 "21.5
ch 78.5 -65 14 0 "1.5708
ch 86 -73 -1 0 "
ch 86 -81 -1 0 "
ch 0 28.5 14.875 0 "面積 : 
ch 0 22.5 14.875 0 "周長 : 
ch 15 28.5 25.5 0 "443.8662 mm2
ch 15 22.5 21.25 0 "157.582 mm
